ref, y_hat, u
26.000000, 25.705440, 7.556319
26.000000, 25.687400, 7.527305
26.000000, 25.671524, 7.501439
26.000000, 25.650451, 7.467644
26.000000, 25.631906, 7.437526
26.000000, 25.615587, 7.410644
26.000000, 25.600831, 7.386016
26.000000, 25.583900, 7.358018
26.000000, 25.569000, 7.332975
26.000000, 25.551548, 7.303994
26.000000, 25.531059, 7.270330
26.000000, 25.513030, 7.240242
26.000000, 25.502294, 7.221028
26.000000, 25.484953, 7.191798
26.000000, 25.468905, 7.164406
26.000000, 25.454782, 7.139814
26.000000, 25.442354, 7.117687
26.000000, 25.431417, 7.097729
26.000000, 25.419031, 7.075517
26.000000, 25.404184, 7.049524
26.000000, 25.391119, 7.026121
26.000000, 25.379622, 7.004998
26.000000, 25.368716, 6.984692
26.000000, 25.359118, 6.966290
26.000000, 25.347515, 6.944807
26.000000, 25.337304, 6.925349
26.000000, 25.327924, 6.907079
26.000000, 25.319669, 6.890445
26.000000, 25.312405, 6.875251
26.000000, 25.310354, 6.867864
26.000000, 25.304208, 6.854296
26.000000, 25.289328, 6.827535
26.000000, 25.284127, 6.815259
26.000000, 25.279549, 6.803890
26.000000, 25.275521, 6.793320
26.000000, 25.271976, 6.783453
26.000000, 25.270436, 6.776582
26.000000, 25.269080, 6.769979
26.000000, 25.263546, 6.757075
26.000000, 25.257492, 6.743354
26.000000, 25.252164, 6.730689
26.000000, 25.247476, 6.718953
26.000000, 25.252822, 6.722302
26.000000, 25.257526, 6.724717
26.000000, 25.262454, 6.727501
26.000000, 25.270343, 6.734774
26.000000, 25.273734, 6.735320
26.000000, 25.265274, 6.718038
26.000000, 25.257829, 6.702232
26.000000, 25.251277, 6.687725
26.000000, 25.245511, 6.674361
26.000000, 25.236491, 6.656059
26.000000, 25.237630, 6.653003
26.000000, 25.243368, 6.656880
26.000000, 25.247233, 6.657973
26.000000, 25.247083, 6.653042
26.000000, 25.250503, 6.653487
26.000000, 25.254696, 6.655119
26.000000, 25.257202, 6.654235
26.000000, 25.260591, 6.654698
26.000000, 25.267125, 6.659918
26.000000, 25.274848, 6.666971
26.000000, 25.281644, 6.672675
26.000000, 25.287625, 6.677194
26.000000, 25.292888, 6.680669
26.000000, 25.297520, 6.683226
26.000000, 25.300017, 6.682597
26.000000, 25.302214, 6.681532
26.000000, 25.306516, 6.683650
26.000000, 25.320167, 6.699878
26.000000, 25.332180, 6.713723
26.000000, 25.342751, 6.725473
26.000000, 25.344556, 6.724083
26.000000, 25.340225, 6.713463
26.000000, 25.336414, 6.703599
26.000000, 25.338979, 6.703316
26.000000, 25.346762, 6.710906
26.000000, 25.353610, 6.717139
26.000000, 25.360031, 6.722771
26.000000, 25.365682, 6.727283
26.000000, 25.370655, 6.730808
26.000000, 25.375030, 6.733466
26.000000, 25.380065, 6.737143
26.000000, 25.388442, 6.745886
26.000000, 25.401733, 6.762083
26.000000, 25.413429, 6.775961
26.000000, 25.423721, 6.787798
26.000000, 25.432779, 6.797839
26.000000, 25.437197, 6.800950
26.000000, 25.441086, 6.803290
26.000000, 25.452400, 6.816839
26.000000, 25.462357, 6.828414
26.000000, 25.471119, 6.838251
26.000000, 25.480408, 6.848937
26.000000, 25.487004, 6.855625
26.000000, 25.494387, 6.863539
26.000000, 25.500884, 6.870165
26.000000, 25.512520, 6.884573
26.000000, 25.523155, 6.897545
26.000000, 25.537644, 6.916388
26.000000, 25.553551, 6.937458
26.000000, 25.569128, 6.958131
26.000000, 25.584019, 6.977868
26.000000, 25.599491, 6.998573
26.000000, 25.613107, 7.016578
26.000000, 25.625089, 7.032208
26.000000, 25.635632, 7.045746
26.000000, 25.651225, 7.066955
26.000000, 25.664946, 7.085443
26.000000, 25.677811, 7.102726
26.000000, 25.691104, 7.120736
26.000000, 25.702803, 7.136426
26.000000, 25.713097, 7.150074
26.000000, 25.722156, 7.161927
26.000000, 25.730128, 7.172198
26.000000, 25.737144, 7.181078
26.000000, 25.749631, 7.198245
26.000000, 25.758253, 7.209666
26.000000, 25.768207, 7.223149
26.000000, 25.776967, 7.234895
26.000000, 25.794936, 7.260567
26.000000, 25.810749, 7.283103
26.000000, 25.824664, 7.302880
26.000000, 25.834147, 7.316068
26.000000, 25.842492, 7.327601
26.000000, 25.849836, 7.337678
26.000000, 25.854720, 7.344096
26.000000, 25.860596, 7.352039
26.000000, 25.868924, 7.363712
26.000000, 25.876253, 7.373932
26.000000, 25.881913, 7.381684
26.000000, 25.886894, 7.388448
26.000000, 25.891277, 7.394344
26.000000, 25.895134, 7.399474
26.000000, 25.901291, 7.408092
26.000000, 25.906709, 7.415636
26.000000, 25.911477, 7.422234
26.000000, 25.915672, 7.428001
26.000000, 25.907526, 7.415203
26.000000, 25.900357, 7.403826
26.000000, 25.893259, 7.392512
26.000000, 25.886223, 7.381248
26.000000, 25.879637, 7.370617
26.000000, 25.874237, 7.361730
26.000000, 25.863170, 7.344274
26.000000, 25.859745, 7.338261
26.000000, 25.850023, 7.322740
26.000000, 25.852516, 7.325558
26.000000, 25.843661, 7.311299
26.000000, 25.829950, 7.289668
26.000000, 25.817883, 7.270431
26.000000, 25.818314, 7.269942
26.000000, 25.811590, 7.258678
26.000000, 25.805673, 7.248588
26.000000, 25.807570, 7.250230
26.000000, 25.811606, 7.255107
26.000000, 25.809239, 7.250364
26.000000, 25.813075, 7.254950
26.000000, 25.816451, 7.258867
26.000000, 25.814686, 7.255061
26.000000, 25.813133, 7.251564
26.000000, 25.811767, 7.248338
26.000000, 25.810564, 7.245350
26.000000, 25.806743, 7.238411
26.000000, 25.803381, 7.232139
26.000000, 25.790557, 7.211593
26.000000, 25.779271, 7.193285
26.000000, 25.766972, 7.173381
26.000000, 25.749835, 7.146111
26.000000, 25.729230, 7.113511
26.000000, 25.711097, 7.084506
26.000000, 25.695140, 7.058666
26.000000, 25.683861, 7.039771
26.000000, 25.675513, 7.025221
26.000000, 25.668167, 7.012129
26.000000, 25.665255, 7.005667
26.000000, 25.659140, 6.994365
26.000000, 25.652970, 6.982940
26.000000, 25.640437, 6.961894
26.000000, 25.624277, 6.935306
26.000000, 25.604533, 6.903217
26.000000, 25.592682, 6.882896
26.000000, 25.572388, 6.849782
26.000000, 25.554529, 6.820209
26.000000, 25.548284, 6.808018
26.000000, 25.542788, 6.796918
26.000000, 25.537952, 6.786776
26.000000, 25.538432, 6.784611
26.000000, 25.538854, 6.782362
26.000000, 25.549486, 6.795494
26.000000, 25.558842, 6.806770
26.000000, 25.567075, 6.816414
26.000000, 25.562482, 6.806790
26.000000, 25.546601, 6.780135
26.000000, 25.531836, 6.755062
26.000000, 25.518843, 6.732565
26.000000, 25.507410, 6.712336
26.000000, 25.504057, 6.704207
26.000000, 25.503868, 6.700824
26.000000, 25.503703, 6.697473
26.000000, 25.508292, 6.701285
26.000000, 25.507596, 6.697163
26.000000, 25.506588, 6.692567
26.000000, 25.505702, 6.688148
26.000000, 25.504527, 6.683289
26.000000, 25.502704, 6.677446
26.000000, 25.501888, 6.673110
26.000000, 25.498803, 6.665350
26.000000, 25.494905, 6.656345
26.000000, 25.492658, 6.649804
26.000000, 25.490680, 6.643654
26.000000, 25.488940, 6.637850
26.000000, 25.491750, 6.638888
26.000000, 25.494222, 6.639435
26.000000, 25.496398, 6.639552
26.000000, 25.506205, 6.651176
26.000000, 25.506943, 6.649201
26.000000, 25.511538, 6.653042
26.000000, 25.515582, 6.656080
26.000000, 25.517563, 6.656035
26.000000, 25.518121, 6.653862
26.000000, 25.519797, 6.653374
26.000000, 25.521272, 6.652593
26.000000, 25.521385, 6.649773
26.000000, 25.523064, 6.649310
26.000000, 25.527698, 6.653309
26.000000, 25.531776, 6.656500
26.000000, 25.535365, 6.658979
26.000000, 25.546415, 6.672719
26.000000, 25.556140, 6.684532
26.000000, 25.564697, 6.694648
26.000000, 25.572228, 6.703270
26.000000, 25.578855, 6.710578
26.000000, 25.581924, 6.712569
26.000000, 25.584625, 6.714025
26.000000, 25.588186, 6.716792
26.000000, 25.590135, 6.717155
26.000000, 25.593035, 6.718960
26.000000, 25.596770, 6.722043
26.000000, 25.607161, 6.735174
26.000000, 25.624591, 6.758974
26.000000, 25.639930, 6.779732
26.000000, 25.645142, 6.785331
26.000000, 25.649728, 6.790020
26.000000, 25.654947, 6.795693
26.000000, 25.659540, 6.800455
26.000000, 25.665950, 6.807981
26.000000, 25.676326, 6.821522
26.000000, 25.686246, 6.834442
26.000000, 25.698527, 6.850979
26.000000, 25.705783, 6.860024
26.000000, 25.712168, 6.867803
26.000000, 25.726864, 6.888139
26.000000, 25.740190, 6.906505
26.000000, 25.751918, 6.922546
26.000000, 25.762238, 6.936540
26.000000, 25.771714, 6.949328
26.000000, 25.780053, 6.960462
26.000000, 25.787392, 6.970141
26.000000, 25.795823, 6.981511
26.000000, 25.808372, 6.999137
26.000000, 25.814285, 7.006846
26.000000, 25.819489, 7.013524
26.000000, 25.828409, 7.025832
26.000000, 25.837048, 7.037772
26.000000, 25.847018, 7.051771
26.000000, 25.855792, 7.064030
26.000000, 25.863513, 7.074758
26.000000, 25.870307, 7.084139
26.000000, 25.875497, 7.091145
26.000000, 25.879669, 7.096652
26.000000, 25.883735, 7.102024
26.000000, 25.887314, 7.106688
26.000000, 25.892830, 7.114293
26.000000, 25.897685, 7.120935
26.000000, 25.901957, 7.126731
26.000000, 25.904533, 7.129997
26.000000, 25.906799, 7.132815
26.000000, 25.908794, 7.135237
26.000000, 25.911733, 7.139093
26.000000, 25.921817, 7.153731
26.000000, 25.935821, 7.174336
26.000000, 25.948145, 7.192498
26.000000, 25.951492, 7.197215
26.000000, 25.957594, 7.206104
26.000000, 25.959808, 7.209172
26.000000, 25.949522, 7.193428
26.000000, 25.952704, 7.197905
26.000000, 25.957082, 7.204205
26.000000, 25.960935, 7.209740
26.000000, 25.964326, 7.214603
26.000000, 25.970467, 7.223630
26.000000, 25.975871, 7.231585
26.000000, 25.975496, 7.230870
26.000000, 25.973193, 7.227248
26.000000, 25.973140, 7.227000
26.000000, 25.971909, 7.224978
26.000000, 25.970826, 7.223171
26.000000, 25.969873, 7.221553
26.000000, 25.969034, 7.220102
26.000000, 25.967506, 7.217607
26.000000, 25.966162, 7.215380
26.000000, 25.957876, 7.202687
26.000000, 25.946244, 7.184903
26.000000, 25.940348, 7.175686
26.000000, 25.938711, 7.172848
26.000000, 25.933719, 7.164946
26.000000, 25.927748, 7.155537
26.000000, 25.922493, 7.147171
26.000000, 25.917869, 7.139721
26.000000, 25.911827, 7.130106
26.000000, 25.906509, 7.121546
26.000000, 25.904198, 7.117480
26.000000, 25.905715, 7.119167
26.000000, 25.904683, 7.117022
26.000000, 25.903774, 7.115058
26.000000, 25.901791, 7.111470
26.000000, 25.901229, 7.110010
26.000000, 25.897973, 7.104488
26.000000, 25.895107, 7.099534
26.000000, 25.892586, 7.095080
26.000000, 25.887604, 7.086905
26.000000, 25.881247, 7.076627
26.000000, 25.874469, 7.065676
26.000000, 25.866137, 7.052341
26.000000, 25.858804, 7.040459
26.000000, 25.852352, 7.029858
26.000000, 25.846674, 7.020382
26.000000, 25.841677, 7.011897
26.000000, 25.838858, 7.006662
26.000000, 25.831247, 6.994191
26.000000, 25.824550, 6.983049
26.000000, 25.813526, 6.965348
26.000000, 25.808955, 6.957298
26.000000, 25.799803, 6.942318
26.000000, 25.791749, 6.928935
26.000000, 25.778742, 6.908042
26.000000, 25.767296, 6.889418
26.000000, 25.757223, 6.872792
26.000000, 25.748359, 6.857923
26.000000, 25.740559, 6.844601
26.000000, 25.740403, 6.842745
26.000000, 25.740266, 6.840917
26.000000, 25.733437, 6.829007
26.000000, 25.734136, 6.828394
26.000000, 25.734751, 6.827659
26.000000, 25.723454, 6.808984
26.000000, 25.715091, 6.794659
26.000000, 25.713256, 6.790114
26.000000, 25.706116, 6.777568
26.000000, 25.699834, 6.766268
26.000000, 25.696673, 6.759631
26.000000, 25.693891, 6.753545
26.000000, 25.691443, 6.747944
26.000000, 25.692841, 6.748121
26.000000, 25.694070, 6.748053
26.000000, 25.692785, 6.744205
26.000000, 25.694021, 6.744147
26.000000, 25.695109, 6.743874
26.000000, 25.693699, 6.739844
26.000000, 25.692458, 6.736061
26.000000, 25.689393, 6.729521
26.000000, 25.678014, 6.710440
26.000000, 25.668000, 6.693345
26.000000, 25.667870, 6.691074
26.000000, 25.667755, 6.688825
26.000000, 25.662919, 6.679464
26.000000, 25.667345, 6.684023
26.000000, 25.662557, 6.674734
26.000000, 25.658345, 6.666280
26.000000, 25.660162, 6.666882
26.000000, 25.664919, 6.671922
26.000000, 25.665948, 6.671378
26.000000, 25.666853, 6.670653
26.000000, 25.673174, 6.678093
26.000000, 25.678737, 6.684429
26.000000, 25.683632, 6.689795
26.000000, 25.687940, 6.694306
26.000000, 25.691731, 6.698066
26.000000, 25.699013, 6.707108
26.000000, 25.702265, 6.710124
26.000000, 25.703153, 6.709601
26.000000, 25.705908, 6.711895
26.000000, 25.708332, 6.713708
26.000000, 25.710465, 6.715098
26.000000, 25.707212, 6.708389
26.000000, 25.710663, 6.711758
26.000000, 25.713306, 6.713930
26.000000, 25.716026, 6.716235
26.000000, 25.721971, 6.723416
26.000000, 25.727203, 6.729559
26.000000, 25.729045, 6.730628
26.000000, 25.730666, 6.731375
26.000000, 25.732092, 6.731840
26.000000, 25.733347, 6.732056
26.000000, 25.735635, 6.733837
26.000000, 25.744752, 6.745917
26.000000, 25.752775, 6.756406
26.000000, 25.759835, 6.765495
26.000000, 25.763681, 6.769786
26.000000, 25.767064, 6.773406
26.000000, 25.770042, 6.776435
26.000000, 25.772663, 6.778945
26.000000, 25.782466, 6.792291
26.000000, 25.793856, 6.808087
26.000000, 25.801117, 6.817735
26.000000, 25.807506, 6.826116
26.000000, 25.813129, 6.833382
26.000000, 25.812946, 6.831940
26.000000, 25.809629, 6.825774
26.000000, 25.806710, 6.820187
26.000000, 25.802168, 6.812137
26.000000, 25.798171, 6.804880
26.000000, 25.795837, 6.800104
26.000000, 25.801676, 6.807623
26.000000, 25.799711, 6.803424
26.000000, 25.797982, 6.799568
26.000000, 25.802775, 6.805523
26.000000, 25.806992, 6.810643
26.000000, 25.810703, 6.815027
26.000000, 25.813969, 6.818763
26.000000, 25.819211, 6.825495
26.000000, 25.824612, 6.832502
26.000000, 25.830550, 6.840349
26.000000, 25.835775, 6.847161
26.000000, 25.844319, 6.859004
26.000000, 25.855390, 6.874706
26.000000, 25.866711, 6.890854
26.000000, 25.879041, 6.908593
26.000000, 25.889891, 6.924180
26.000000, 25.899439, 6.937874
26.000000, 25.899949, 6.938014
26.000000, 25.899609, 6.936876
26.000000, 25.899309, 6.935797
26.000000, 25.898651, 6.934176
26.000000, 25.898072, 6.932670
26.000000, 25.901508, 6.937209
26.000000, 25.905716, 6.942932
26.000000, 25.908235, 6.946137
26.000000, 25.915977, 6.957224
26.000000, 25.920422, 6.963394
26.000000, 25.926701, 6.972355
26.000000, 25.929859, 6.976654
26.000000, 25.934216, 6.982779
26.000000, 25.938051, 6.988143
26.000000, 25.941425, 6.992839
26.000000, 25.944000, 6.996351
26.000000, 25.946266, 6.999414
26.000000, 25.947866, 7.001488
26.000000, 25.948878, 7.002687
26.000000, 25.949770, 7.003710
26.000000, 25.944635, 6.995662
26.000000, 25.946035, 6.997425
26.000000, 25.952398, 7.006672
26.000000, 25.957997, 7.014808
26.000000, 25.962924, 7.021967
26.000000, 25.967260, 7.028266
26.000000, 25.970681, 7.033214
26.000000, 25.971718, 7.034593
26.000000, 25.969079, 7.030442
26.000000, 25.970309, 7.032101
26.000000, 25.967839, 7.028195
26.000000, 25.964877, 7.023532
26.000000, 25.963059, 7.020574
26.000000, 25.963827, 7.021501
26.000000, 25.953454, 7.005649
26.000000, 25.945114, 6.992797
26.000000, 25.948036, 6.996855
26.000000, 25.950606, 7.000402
26.000000, 25.943793, 6.989830
26.000000, 25.945689, 6.992335
26.000000, 25.948541, 6.996292
26.000000, 25.951052, 6.999751
26.000000, 25.952077, 7.000990
26.000000, 25.952979, 7.002049
26.000000, 25.956930, 7.007706
26.000000, 25.950541, 6.997814
26.000000, 25.944919, 6.989036
26.000000, 25.939971, 6.981240
26.000000, 25.932460, 6.969551
26.000000, 25.922694, 6.954418
26.000000, 25.912915, 6.939206
26.000000, 25.904310, 6.925701
26.000000, 25.894765, 6.910725
26.000000, 25.869790, 6.872450
26.000000, 25.847813, 6.838532
26.000000, 25.841101, 6.827471
26.000000, 25.835194, 6.817581
26.000000, 25.829997, 6.808722
26.000000, 25.825817, 6.801364
26.000000, 25.821744, 6.794141
26.000000, 25.818555, 6.788223
26.000000, 25.814170, 6.780484
26.000000, 25.816625, 6.783021
26.000000, 25.818786, 6.785129
26.000000, 25.820687, 6.786860
26.000000, 25.816441, 6.779344
26.000000, 25.812704, 6.772568
26.000000, 25.804680, 6.759312
26.000000, 25.797620, 6.747455
26.000000, 25.786670, 6.729698
26.000000, 25.776641, 6.713258
26.000000, 25.768209, 6.699161
26.000000, 25.782099, 6.718634
26.000000, 25.794322, 6.735683
26.000000, 25.805078, 6.750600
26.000000, 25.814544, 6.763639
26.000000, 25.822084, 6.773838
26.000000, 25.828720, 6.782720
26.000000, 25.818380, 6.766075
26.000000, 25.825460, 6.775604
26.000000, 25.831690, 6.783898
26.000000, 25.832043, 6.783378
26.000000, 25.817752, 6.760803
26.000000, 25.805177, 6.740721
26.000000, 25.794110, 6.722834
26.000000, 25.782398, 6.703907
26.000000, 25.772092, 6.687023
26.000000, 25.775650, 6.690958
26.000000, 25.790225, 6.711510
26.000000, 25.803052, 6.729519
26.000000, 25.820258, 6.754205
26.000000, 25.829481, 6.766973
26.000000, 25.837597, 6.778132
26.000000, 25.834478, 6.772420
26.000000, 25.831734, 6.767252
26.000000, 25.827346, 6.759591
26.000000, 25.823485, 6.752695
26.000000, 25.820087, 6.746474
26.000000, 25.818280, 6.742628
26.000000, 25.819453, 6.743259
26.000000, 25.823247, 6.747846
26.000000, 25.826586, 6.751771
26.000000, 25.826762, 6.750952
26.000000, 25.835204, 6.762585
26.000000, 25.832768, 6.757885
26.000000, 25.830623, 6.753610
26.000000, 25.830709, 6.752681
26.000000, 25.830785, 6.751737
26.000000, 25.830852, 6.750780
26.000000, 25.830911, 6.749811
26.000000, 25.828200, 6.744671
26.000000, 25.822658, 6.735249
26.000000, 25.820937, 6.731550
26.000000, 25.819423, 6.728150
26.000000, 25.819275, 6.726798
26.000000, 25.819145, 6.725472
26.000000, 25.823765, 6.731301
26.000000, 25.823096, 6.729192
26.000000, 25.822507, 6.727199
26.000000, 25.833038, 6.741952
26.000000, 25.842305, 6.754868
26.000000, 25.835860, 6.744173
26.000000, 25.836107, 6.743519
26.000000, 25.841849, 6.751144
26.000000, 25.846902, 6.757767
26.000000, 25.851349, 6.763508
26.000000, 25.855262, 6.768473
26.000000, 25.858705, 6.772755
26.000000, 25.866471, 6.783569
26.000000, 25.866991, 6.783518
26.000000, 25.867449, 6.783376
26.000000, 25.867851, 6.783154
26.000000, 25.875703, 6.794155
26.000000, 25.882613, 6.803786
26.000000, 25.891062, 6.815778
26.000000, 25.898496, 6.826296
26.000000, 25.903855, 6.833733
26.000000, 25.908571, 6.840235
26.000000, 25.917456, 6.853047
26.000000, 25.925275, 6.864308
26.000000, 25.932155, 6.874205
26.000000, 25.938210, 6.882902
26.000000, 25.943934, 6.891136
26.000000, 25.943840, 6.890644
26.000000, 25.937443, 6.880658
26.000000, 25.930630, 6.870005
26.000000, 25.932133, 6.871835
26.000000, 25.927930, 6.865081
26.000000, 25.924232, 6.859060
26.000000, 25.920978, 6.853684
26.000000, 25.918508, 6.849471
26.000000, 25.916336, 6.845689
26.000000, 25.919159, 6.849419
26.000000, 25.921643, 6.852656
26.000000, 25.924619, 6.856648
26.000000, 25.926448, 6.858932
26.000000, 25.928058, 6.860897
26.000000, 25.930658, 6.864364
26.000000, 25.932947, 6.867378
26.000000, 25.932988, 6.867020
26.000000, 25.934997, 6.869627
26.000000, 25.936764, 6.871884
26.000000, 25.939504, 6.875615
26.000000, 25.941915, 6.878868
26.000000, 25.944036, 6.881701
26.000000, 25.943536, 6.880597
26.000000, 25.942306, 6.878391
26.000000, 25.940039, 6.874617
26.000000, 25.938045, 6.871239
26.000000, 25.936685, 6.868802
31.000000, 25.935488, 2.000000
31.000000, 25.937986, 2.000000
31.000000, 25.940973, 2.000000
31.000000, 25.942813, 2.000000
31.000000, 25.946011, 2.000000
31.000000, 25.952376, 2.000000
31.000000, 25.957978, 2.000000
31.000000, 25.962907, 2.000000
31.000000, 25.967245, 2.000000
31.000000, 25.971063, 2.000000
31.000000, 25.970476, 2.000000
31.000000, 25.979825, 2.000000
31.000000, 25.978581, 2.000000
31.000000, 25.981433, 2.000000
31.000000, 25.979996, 2.000000
31.000000, 25.978732, 2.000000
31.000000, 25.977619, 2.000000
31.000000, 25.967169, 2.000000
31.000000, 25.957973, 2.000000
31.000000, 25.962114, 2.000000
31.000000, 25.965758, 2.000000
31.000000, 25.968964, 2.000000
31.000000, 25.972181, 2.000000
31.000000, 25.975011, 2.000000
31.000000, 25.987368, 2.000000
31.000000, 26.003766, 2.000000
31.000000, 26.027273, 2.004181
31.000000, 26.055852, 2.016148
31.000000, 26.083369, 2.026694
31.000000, 26.117054, 2.046705
31.000000, 26.156564, 2.075697
31.000000, 26.192121, 2.098984
31.000000, 26.247483, 2.152324
31.000000, 26.306857, 2.212053
31.000000, 26.360685, 2.263798
31.000000, 26.408053, 2.306151
31.000000, 26.490383, 2.401461
31.000000, 26.565202, 2.485972
31.000000, 26.652746, 2.590118
31.000000, 26.730575, 2.680177
31.000000, 26.809324, 2.772109
31.000000, 26.891251, 2.869320
31.000000, 26.964926, 2.954613
31.000000, 27.032916, 3.031805
31.000000, 27.106955, 3.118530
31.000000, 27.186315, 3.213735
31.000000, 27.269174, 3.314707
31.000000, 27.346037, 3.407163
31.000000, 27.425515, 3.504039
31.000000, 27.517159, 3.619739
31.000000, 27.610435, 3.738467
31.000000, 27.704751, 3.859345
31.000000, 27.790511, 3.967926
31.000000, 27.865980, 4.061542
31.000000, 27.960805, 4.184786
31.000000, 28.047409, 4.296237
31.000000, 28.126382, 4.396737
31.000000, 28.196668, 4.484646
31.000000, 28.273516, 4.582876
31.000000, 28.371527, 4.713466
31.000000, 28.457778, 4.826952
31.000000, 28.539992, 4.934899
31.000000, 28.635623, 5.063568
31.000000, 28.720568, 5.176739
31.000000, 28.807553, 5.293514
31.000000, 28.884494, 5.395704
31.000000, 28.967199, 5.507055
31.000000, 29.047081, 5.614673
31.000000, 29.117378, 5.708352
31.000000, 29.182396, 5.794520
31.000000, 29.244348, 5.876474
31.000000, 29.310704, 5.965450
31.000000, 29.371860, 6.047008
31.000000, 29.452511, 6.158313
31.000000, 29.531772, 6.268027
31.000000, 29.601521, 6.363911
31.000000, 29.662900, 6.447623
31.000000, 29.716914, 6.520624
31.000000, 29.765235, 6.585389
31.000000, 29.807758, 6.641722
31.000000, 29.868066, 6.725109
31.000000, 29.931398, 6.813428
31.000000, 29.987130, 6.890695
31.000000, 30.038936, 6.962398
31.000000, 30.084525, 7.025060
31.000000, 30.124644, 7.079768
31.000000, 30.159949, 7.127474
31.000000, 30.202461, 7.186258
31.000000, 30.239872, 7.237623
31.000000, 30.278712, 7.291376
31.000000, 30.312892, 7.338351
31.000000, 30.346522, 7.384712
31.000000, 30.376116, 7.425204
31.000000, 30.402159, 7.460532
31.000000, 30.425077, 7.491315
31.000000, 30.457873, 7.537121
31.000000, 30.486733, 7.577203
31.000000, 30.505027, 7.601550
31.000000, 30.521125, 7.622705
31.000000, 30.535292, 7.641050
31.000000, 30.541839, 7.648008
31.000000, 30.547206, 7.653228
31.000000, 30.552324, 7.658107
31.000000, 30.561168, 7.668631
31.000000, 30.564610, 7.671073
31.000000, 30.565272, 7.669348
31.000000, 30.559934, 7.658591
31.000000, 30.550896, 7.642227
31.000000, 30.535840, 7.616742
31.000000, 30.518644, 7.587939
31.000000, 30.501144, 7.558571
31.000000, 30.477062, 7.519180
31.000000, 30.454291, 7.481614
31.000000, 30.430307, 7.442077
31.000000, 30.406438, 7.402564
31.000000, 30.370044, 7.344035
31.000000, 30.336043, 7.288884
31.000000, 30.304939, 7.237884
31.000000, 30.277567, 7.192311
31.000000, 30.250323, 7.146759
31.000000, 30.205039, 7.073864
31.000000, 30.165188, 7.008871
31.000000, 30.130120, 6.950831
31.000000, 30.098865, 6.898317
31.000000, 30.068598, 6.847096
31.000000, 30.019076, 6.766681
31.000000, 29.954186, 6.662810
31.000000, 29.897083, 6.570262
31.000000, 29.839729, 6.476980
31.000000, 29.781365, 6.381817
31.000000, 29.727242, 6.292679
31.000000, 29.665408, 6.191586
31.000000, 29.606653, 6.094745
31.000000, 29.547056, 5.996268
31.000000, 29.489875, 5.901059
31.000000, 29.437977, 5.813450
31.000000, 29.392308, 5.734897
31.000000, 29.333176, 5.635782
31.000000, 29.268118, 5.527370
31.000000, 29.209288, 5.427933
31.000000, 29.149625, 5.326875
31.000000, 29.093570, 5.230877
31.000000, 29.037139, 5.133962
31.000000, 28.981954, 5.038573
31.000000, 28.932998, 4.952218
31.000000, 28.883207, 4.864302
31.000000, 28.833472, 4.776159
31.000000, 28.784969, 4.689561
31.000000, 28.732421, 4.596567
31.000000, 28.685785, 4.512148
31.000000, 28.643955, 4.434679
31.000000, 28.597280, 4.349648
31.000000, 28.543183, 4.253148
31.000000, 28.488868, 4.155982
31.000000, 28.440283, 4.067105
31.000000, 28.395160, 3.983140
31.000000, 28.354268, 3.905266
31.000000, 28.309995, 3.822045
31.000000, 28.269457, 3.744172
31.000000, 28.235362, 3.675751
31.000000, 28.199834, 3.604957
31.000000, 28.168569, 3.540363
31.000000, 28.139477, 3.478848
31.000000, 28.107168, 3.412304
31.000000, 28.072816, 3.342481
31.000000, 28.042587, 3.278654
31.000000, 28.015985, 3.220101
31.000000, 27.997311, 3.173323
31.000000, 27.983640, 3.133964
31.000000, 27.971610, 3.096991
31.000000, 27.962602, 3.064495
31.000000, 27.953096, 3.031194
31.000000, 27.947099, 3.003117
31.000000, 27.941821, 2.976087
31.000000, 27.949410, 2.968404
31.000000, 27.956089, 2.959397
31.000000, 27.968280, 2.958736
31.000000, 27.979797, 2.957135
31.000000, 27.992694, 2.957686
31.000000, 28.013121, 2.969657
31.000000, 28.037804, 2.988169
31.000000, 28.065445, 3.011290
31.000000, 28.090164, 3.030181
31.000000, 28.113890, 3.047732
31.000000, 28.138714, 3.067086
31.000000, 28.173977, 3.102318
31.000000, 28.217637, 3.150417
31.000000, 28.258425, 3.194464
31.000000, 28.301422, 3.242093
31.000000, 28.351098, 3.300051
31.000000, 28.396785, 3.352313
31.000000, 28.445672, 3.409679
31.000000, 28.502505, 3.479318
31.000000, 28.558437, 3.547956
31.000000, 28.614366, 3.616939
31.000000, 28.672265, 3.689239
31.000000, 28.725583, 3.755003
31.000000, 28.785921, 3.831671
31.000000, 28.842965, 3.903755
31.000000, 28.895531, 3.969451
31.000000, 28.960336, 4.053912
31.000000, 29.027625, 4.142518
31.000000, 29.097100, 4.234837
31.000000, 29.159421, 4.316815
31.000000, 29.221368, 4.398618
31.000000, 29.278643, 4.473772
31.000000, 29.329045, 4.538932
31.000000, 29.373398, 4.595296
31.000000, 29.437686, 4.681963
31.000000, 29.511622, 4.783565
31.000000, 29.580237, 4.877614
31.000000, 29.647328, 4.969796
31.000000, 29.706367, 5.050270
31.000000, 29.770950, 5.139462
31.000000, 29.832124, 5.223923
31.000000, 29.887535, 5.300087
31.000000, 29.946162, 5.381442
31.000000, 30.001306, 5.457916
31.000000, 30.052201, 5.528334
31.000000, 30.100145, 5.594626
31.000000, 30.142335, 5.652552
31.000000, 30.190513, 5.719758
31.000000, 30.247510, 5.800551
31.000000, 30.309111, 5.888635
31.000000, 30.363321, 5.965970
31.000000, 30.420496, 6.048111
31.000000, 30.461339, 6.106009
31.000000, 30.506752, 6.171046
31.000000, 30.538034, 6.215081
31.000000, 30.574244, 6.266735
31.000000, 30.606108, 6.312070
31.000000, 30.648356, 6.373243
31.000000, 30.687506, 6.430016
31.000000, 30.728273, 6.489468
31.000000, 30.771645, 6.553099
31.000000, 30.809813, 6.609162
31.000000, 30.843401, 6.658565
31.000000, 30.875326, 6.705673
31.000000, 30.895922, 6.735916
31.000000, 30.914046, 6.762566
31.000000, 30.929996, 6.786053
31.000000, 30.945215, 6.808540
31.000000, 30.958608, 6.828371
31.000000, 30.973157, 6.850025
31.000000, 30.985959, 6.869141
31.000000, 31.001566, 6.892562
31.000000, 31.015301, 6.913259
31.000000, 31.028965, 6.933937
31.000000, 31.040990, 6.952230
31.000000, 31.045258, 6.958915
31.000000, 31.047435, 6.962477
31.000000, 31.049351, 6.965660
31.000000, 31.050643, 6.967914
31.000000, 31.034416, 6.943788
31.000000, 31.012243, 6.910606
31.000000, 30.989969, 6.877133
31.000000, 30.970368, 6.847546
31.000000, 30.953119, 6.821379
31.000000, 30.940703, 6.802384
31.000000, 30.927014, 6.781394
31.000000, 30.905891, 6.749122
31.000000, 30.887303, 6.720535
31.000000, 30.870946, 6.695193
31.000000, 30.843923, 6.653683
31.000000, 30.816986, 6.612134
31.000000, 30.793282, 6.575286
31.000000, 30.769265, 6.537818
31.000000, 30.742211, 6.495626
31.000000, 30.715246, 6.453399
31.000000, 30.688755, 6.411717
31.000000, 30.659918, 6.366336
31.000000, 30.620334, 6.304588
31.000000, 30.583923, 6.247370
31.000000, 30.534122, 6.169758
31.000000, 30.482406, 6.088948
31.000000, 30.434527, 6.013596
31.000000, 30.385291, 5.935899
31.000000, 30.335254, 5.856690
31.000000, 30.290433, 5.785023
31.000000, 30.247438, 5.715827
31.000000, 30.203684, 5.645219
31.000000, 30.141502, 5.546581
31.000000, 30.086783, 5.458794
31.000000, 30.037051, 5.378178
31.000000, 29.983027, 5.290785
31.000000, 29.934301, 5.211037
31.000000, 29.891423, 5.139791
31.000000, 29.852901, 5.074839
31.000000, 29.816240, 5.012448
31.000000, 29.767008, 4.930895
31.000000, 29.721317, 4.854366
31.000000, 29.679925, 4.784027
31.000000, 29.626531, 4.695352
31.000000, 29.573625, 4.607078
31.000000, 29.526673, 4.527442
31.000000, 29.485356, 4.455999
31.000000, 29.445839, 4.387011
31.000000, 29.408302, 4.320757
31.000000, 29.355144, 4.230739
31.000000, 29.307575, 4.148809
31.000000, 29.260190, 4.066857
31.000000, 29.207836, 3.977126
31.000000, 29.161765, 3.896530
31.000000, 29.119249, 3.821001
31.000000, 29.081835, 3.752892
31.000000, 29.048122, 3.690122
31.000000, 29.019243, 3.634425
31.000000, 28.993830, 3.583766
31.000000, 28.977385, 3.546459
31.000000, 28.962914, 3.512020
31.000000, 28.950180, 3.480107
31.000000, 28.933844, 3.442689
31.000000, 28.919468, 3.408122
31.000000, 28.879982, 3.335644
31.000000, 28.872069, 3.310475
31.000000, 28.861160, 3.280743
31.000000, 28.860636, 3.266586
31.000000, 28.851099, 3.238849
31.000000, 28.846652, 3.218721
31.000000, 28.838793, 3.193425
31.000000, 28.835823, 3.175443
31.000000, 28.833209, 3.157981
31.000000, 28.835645, 3.148107
31.000000, 28.837788, 3.137808
31.000000, 28.843226, 3.132485
31.000000, 28.848011, 3.126213
31.000000, 28.857352, 3.126833
31.000000, 28.867151, 3.128200
31.000000, 28.885245, 3.142124
31.000000, 28.901167, 3.152890
31.000000, 28.915179, 3.160877
31.000000, 28.935402, 3.178308
31.000000, 28.960696, 3.203503
31.000000, 28.986112, 3.229040
31.000000, 29.015581, 3.260841
31.000000, 29.053747, 3.305926
31.000000, 29.096409, 3.358023
31.000000, 29.135531, 3.405052
31.000000, 29.177850, 3.457143
31.000000, 29.219827, 3.508982
31.000000, 29.261107, 3.560034
31.000000, 29.315587, 3.631226
31.000000, 29.368264, 3.700043
31.000000, 29.426459, 3.777501
31.000000, 29.477670, 3.844803
31.000000, 29.522736, 3.903170
31.000000, 29.562394, 3.953672
31.000000, 29.604002, 4.007358
31.000000, 29.648904, 4.066267
31.000000, 29.702624, 4.138739
31.000000, 29.756212, 4.211346
31.000000, 29.812051, 4.287680
31.000000, 29.870660, 4.368536
31.000000, 29.932102, 4.454024
31.000000, 29.987749, 4.531168
31.000000, 30.042638, 4.607518
31.000000, 30.093703, 4.678451
31.000000, 30.139823, 4.742256
31.000000, 30.182383, 4.800985
31.000000, 30.222598, 4.856448
31.000000, 30.272982, 4.927481
31.000000, 30.323240, 4.998638
31.000000, 30.367467, 5.061025
31.000000, 30.419014, 5.134715
31.000000, 30.482134, 5.226159
31.000000, 30.538864, 5.308371
31.000000, 30.611674, 5.415159
31.000000, 30.675747, 5.509242
31.000000, 30.734499, 5.595710
31.000000, 30.785017, 5.670143
31.000000, 30.830656, 5.737544
31.000000, 30.870819, 5.796981
31.000000, 30.910109, 5.855354
31.000000, 30.959285, 5.928863
31.000000, 31.004927, 5.997358
31.000000, 31.045882, 6.059076
31.000000, 31.081133, 6.112460
31.000000, 31.115310, 6.164447
31.000000, 31.145387, 6.210470
31.000000, 31.173038, 6.253028
31.000000, 31.199344, 6.293734
31.000000, 31.238673, 6.354219
31.000000, 31.274072, 6.409030
31.000000, 31.307590, 6.461230
31.000000, 31.337087, 6.507582
31.000000, 31.360676, 6.545219
31.000000, 31.383013, 6.581119
31.000000, 31.402669, 6.613120
31.000000, 31.419967, 6.641691
31.000000, 31.435584, 6.667839
31.000000, 31.454851, 6.699582
31.000000, 31.471806, 6.727964
31.000000, 31.486727, 6.753387
31.000000, 31.494332, 6.767885
31.000000, 31.500630, 6.780461
31.000000, 31.503805, 6.788372
31.000000, 31.506599, 6.795728
31.000000, 31.509057, 6.802598
31.000000, 31.507274, 6.803094
31.000000, 31.505705, 6.803901
31.000000, 31.504325, 6.804982
31.000000, 31.495217, 6.794416
31.000000, 31.487203, 6.785439
31.000000, 31.480150, 6.777861
31.000000, 31.468024, 6.762598
31.000000, 31.455380, 6.746478
31.000000, 31.444254, 6.732565
31.000000, 31.426175, 6.708110
31.000000, 31.407504, 6.682650
31.000000, 31.389889, 6.658665
31.000000, 31.372020, 6.634187
31.000000, 31.342484, 6.592023
31.000000, 31.312151, 6.548475
31.000000, 31.285063, 6.509625
31.000000, 31.256096, 6.467775
31.000000, 31.225870, 6.423847
31.000000, 31.192167, 6.374494
31.000000, 31.162509, 6.331022
31.000000, 31.116678, 6.263005
31.000000, 31.074769, 6.200609
31.000000, 31.023288, 6.123532
31.000000, 30.975616, 6.051873
31.000000, 30.930903, 5.984371
31.000000, 30.889977, 5.922295
31.000000, 30.848043, 5.858443
31.000000, 30.809167, 5.798938
31.000000, 30.764697, 5.730761
31.000000, 30.708594, 5.644786
31.000000, 30.654093, 5.560873
31.000000, 30.603370, 5.482309
31.000000, 30.555183, 5.407248
31.000000, 30.507647, 5.332867
31.000000, 30.464632, 5.264999
31.000000, 30.419281, 5.193343
31.000000, 30.361219, 5.102258
31.000000, 30.308941, 5.019521
31.000000, 30.255833, 4.935208
31.000000, 30.204757, 4.853624
31.000000, 30.145999, 4.760149
31.000000, 30.092318, 4.673955
31.000000, 30.040343, 4.589995
31.000000, 29.982373, 4.496678
31.000000, 29.931358, 4.413478
31.000000, 29.877389, 4.325508
31.000000, 29.824766, 4.239228
31.000000, 29.774512, 4.156187
31.000000, 29.721212, 4.068245
31.000000, 29.671150, 3.984848
31.000000, 29.624334, 3.906025
31.000000, 29.582347, 3.834184
31.000000, 29.545003, 3.769074
31.000000, 29.505432, 3.700377
31.000000, 29.466663, 3.632640
31.000000, 29.432547, 3.571669
31.000000, 29.394237, 3.504169
31.000000, 29.360525, 3.443353
31.000000, 29.326122, 3.381288
31.000000, 29.295848, 3.325226
31.000000, 29.269207, 3.274446
31.000000, 29.253260, 3.239609
31.000000, 29.228967, 3.192101
31.000000, 29.218639, 3.165475
31.000000, 29.213891, 3.147189
31.000000, 29.205371, 3.123194
31.000000, 29.186825, 3.084042
31.000000, 29.168926, 3.045749
31.000000, 29.153174, 3.010579
31.000000, 29.138524, 2.976969
31.000000, 29.125631, 2.945915
31.000000, 29.119021, 2.924244
31.000000, 29.129779, 2.928692
31.000000, 29.139245, 2.931262
31.000000, 29.157836, 2.947635
31.000000, 29.181694, 2.972057
31.000000, 29.209398, 3.002421
31.000000, 29.233777, 3.027951
31.000000, 29.255230, 3.049227
31.000000, 29.274109, 3.066758
31.000000, 29.312822, 3.114283
31.000000, 29.347284, 3.155646
31.000000, 29.389054, 3.208233
31.000000, 29.425418, 3.252937
31.000000, 29.458996, 3.293673
31.000000, 29.489334, 3.329738
31.000000, 29.516032, 3.360510
31.000000, 29.548207, 3.399700
31.000000, 29.589939, 3.453484
31.000000, 29.636134, 3.514252
31.000000, 29.677969, 3.568743
31.000000, 29.728201, 3.636143
31.000000, 29.772406, 3.694777
31.000000, 29.811701, 3.746292
31.000000, 29.858118, 3.808782
31.000000, 29.912384, 3.883382
31.000000, 29.968424, 3.960995
31.000000, 30.023264, 4.037151
31.000000, 30.080994, 4.118003
31.000000, 30.136533, 4.195913
31.000000, 30.190142, 4.271265
31.000000, 30.244816, 4.348556
31.000000, 30.294113, 4.418090
31.000000, 30.348938, 4.496259
31.000000, 30.397184, 4.564861
31.000000, 30.446350, 4.635149
31.000000, 30.507373, 4.723605
31.000000, 30.563837, 4.805574
31.000000, 30.613524, 4.877690
31.000000, 30.676191, 4.969667
31.000000, 30.733311, 5.053680
31.000000, 30.789891, 5.137236
31.000000, 30.840470, 5.212108
31.000000, 30.888137, 5.282910
31.000000, 30.942318, 5.363819
31.000000, 30.989996, 5.435275
31.000000, 31.048922, 5.523969
31.000000, 31.106302, 5.610703
31.000000, 31.154823, 5.684452
31.000000, 31.195943, 5.747357
31.000000, 31.233707, 5.805463
31.000000, 31.275621, 5.870057
31.000000, 31.312505, 5.927337
31.000000, 31.352461, 5.989474
31.000000, 31.393542, 6.053555
31.000000, 31.435612, 6.119383
31.000000, 31.472634, 6.177870
31.000000, 31.505608, 6.230491
31.000000, 31.541729, 6.288057
31.000000, 31.573515, 6.339321
31.000000, 31.600697, 6.383848
31.000000, 31.624617, 6.423633
31.000000, 31.645667, 6.459243
31.000000, 31.664191, 6.491181
31.000000, 31.680492, 6.519885
31.000000, 31.699178, 6.552284
31.000000, 31.715622, 6.581422
31.000000, 31.727724, 6.604124
31.000000, 31.738375, 6.624714
31.000000, 31.757218, 6.657712
31.000000, 31.765907, 6.675533
31.000000, 31.780263, 6.701943
31.000000, 31.792896, 6.725848
31.000000, 31.797304, 6.737443
31.000000, 31.801183, 6.748269
31.000000, 31.800651, 6.752475
31.000000, 31.799393, 6.755584
31.000000, 31.798286, 6.758913
31.000000, 31.797312, 6.762435
31.000000, 31.786589, 6.751267
31.000000, 31.775180, 6.738998
31.000000, 31.763561, 6.726342
31.000000, 31.753337, 6.715714
31.000000, 31.744339, 6.706870
31.000000, 31.727740, 6.686519
31.000000, 31.706818, 6.659555
31.000000, 31.682488, 6.627325
31.000000, 31.653974, 6.588641
31.000000, 31.628882, 6.554933
31.000000, 31.606801, 6.525604
31.000000, 31.581450, 6.491212
31.000000, 31.555195, 6.455299
31.000000, 31.523409, 6.410892
31.000000, 31.486361, 6.358359
31.000000, 31.447444, 6.302781
31.000000, 31.411225, 6.251022
31.000000, 31.374616, 6.198451
31.000000, 31.331746, 6.136218
31.000000, 31.293231, 6.080278
31.000000, 31.237238, 5.997772
31.000000, 31.185202, 5.920876
31.000000, 31.142173, 5.857221
31.000000, 31.101545, 5.796914
31.000000, 31.064609, 5.741913
31.000000, 31.021845, 5.677903
31.000000, 30.980661, 5.616006
31.000000, 30.938894, 5.552974
31.000000, 30.889906, 5.478804
31.000000, 30.842060, 5.406049
31.000000, 30.795221, 5.334510
31.000000, 30.744137, 5.256285
31.000000, 30.684977, 5.165575
31.000000, 30.626207, 5.075084
31.000000, 30.574095, 4.994254
31.000000, 30.507716, 4.891609
31.000000, 30.442199, 4.789847
31.000000, 30.384544, 4.699519
31.000000, 30.331440, 4.615684
31.000000, 30.283525, 4.539333
31.000000, 30.242543, 4.473127
31.000000, 30.206479, 4.414071
31.000000, 30.164483, 4.345855
31.000000, 30.116477, 4.268323
31.000000, 30.071074, 4.194413
31.000000, 30.025595, 4.120105
31.000000, 29.983600, 4.050760
31.000000, 29.944277, 3.985178
31.000000, 29.909673, 3.926457
31.000000, 29.866593, 3.854753
31.000000, 29.824342, 3.784029
31.000000, 29.787161, 3.720677
31.000000, 29.752469, 3.660842
28.000000, 29.723913, 8.000000
28.000000, 29.696810, 7.969951
28.000000, 29.669014, 7.938688
28.000000, 29.644553, 7.912275
28.000000, 29.628947, 7.899047
28.000000, 29.611267, 7.882598
28.000000, 29.595709, 7.869234
28.000000, 29.585964, 7.864528
28.000000, 29.576994, 7.860929
28.000000, 29.565549, 7.853546
28.000000, 29.559028, 7.853510
28.000000, 29.553290, 7.854611
28.000000, 29.538375, 7.841853
28.000000, 29.525250, 7.831698
28.000000, 29.524355, 7.839883
28.000000, 29.523567, 7.848223
28.000000, 29.522874, 7.856701
28.000000, 29.522264, 7.865300
28.000000, 29.522122, 7.874600
28.000000, 29.521996, 7.883925
28.000000, 29.523070, 7.895055
28.000000, 29.524015, 7.905997
28.000000, 29.535501, 7.932823
28.000000, 29.546004, 7.958240
28.000000, 29.555246, 7.981824
28.000000, 29.553908, 7.989529
28.000000, 29.552731, 7.997468
28.000000, 29.551695, 8.000000
28.000000, 29.550784, 8.000000
28.000000, 29.549981, 8.000000
28.000000, 29.548486, 8.000000
28.000000, 29.553090, 8.000000
28.000000, 29.555562, 8.000000
28.000000, 29.548267, 7.998734
28.000000, 29.541848, 7.998741
28.000000, 29.532252, 7.993924
28.000000, 29.517494, 7.981272
28.000000, 29.504507, 7.971194
28.000000, 29.489527, 7.958033
28.000000, 29.474765, 7.945109
28.000000, 29.461776, 7.934760
28.000000, 29.450345, 7.926678
28.000000, 29.435944, 7.914053
28.000000, 29.421694, 7.901562
28.000000, 29.403629, 7.883237
28.000000, 29.385363, 7.864498
28.000000, 29.364160, 7.841219
28.000000, 29.341949, 7.816290
28.000000, 29.322009, 7.794642
28.000000, 29.285914, 7.748537
28.000000, 29.249810, 7.702192
28.000000, 29.216460, 7.659770
28.000000, 29.186718, 7.622573
28.000000, 29.153441, 7.579867
28.000000, 29.112318, 7.525135
28.000000, 29.069422, 7.467475
28.000000, 29.030490, 7.415517
28.000000, 28.995834, 7.369758
28.000000, 28.944817, 7.299137
28.000000, 28.891635, 7.224936
28.000000, 28.844835, 7.160016
28.000000, 28.795363, 7.090780
28.000000, 28.749066, 7.026016
28.000000, 28.707535, 6.968142
28.000000, 28.662306, 6.904438
28.000000, 28.612245, 6.833172
28.000000, 28.564639, 6.765292
28.000000, 28.517221, 6.697398
28.000000, 28.471547, 6.631834
28.000000, 28.429381, 6.571269
28.000000, 28.375306, 6.492502
28.000000, 28.327325, 6.422577
28.000000, 28.284313, 6.359835
28.000000, 28.245278, 6.302816
28.000000, 28.197905, 6.232993
28.000000, 28.146746, 6.157171
28.000000, 28.101726, 6.090277
28.000000, 28.057372, 6.024106
28.000000, 28.012027, 5.956163
28.000000, 27.965021, 5.885435
28.000000, 27.923655, 5.822909
28.000000, 27.887253, 5.767601
28.000000, 27.844959, 5.703191
28.000000, 27.806951, 5.644972
28.000000, 27.758903, 5.571393
28.000000, 27.716620, 5.506199
28.000000, 27.676649, 5.444222
28.000000, 27.635950, 5.380898
28.000000, 27.598951, 5.322893
28.000000, 27.560867, 5.263022
28.000000, 27.526170, 5.208014
28.000000, 27.494057, 5.156683
28.000000, 27.462641, 5.106201
28.000000, 27.435784, 5.062389
28.000000, 27.411361, 5.022075
28.000000, 27.389869, 4.986023
28.000000, 27.358327, 4.934701
28.000000, 27.335701, 4.896610
28.000000, 27.310660, 4.854739
28.000000, 27.289808, 4.819022
28.000000, 27.270274, 4.785160
28.000000, 27.254268, 4.756491
28.000000, 27.240182, 4.730614
28.000000, 27.235285, 4.718488
28.000000, 27.230975, 4.707218
28.000000, 27.227183, 4.696699
28.000000, 27.221083, 4.682681
28.000000, 27.215716, 4.669728
28.000000, 27.210992, 4.657711
28.000000, 27.219069, 4.664945
28.000000, 27.226176, 4.670770
28.000000, 27.232431, 4.675354
28.000000, 27.228464, 4.664582
28.000000, 27.224973, 4.654501
28.000000, 27.221901, 4.645030
28.000000, 27.233404, 4.657494
28.000000, 27.243526, 4.667950
28.000000, 27.252434, 4.676639
28.000000, 27.259089, 4.681991
28.000000, 27.258632, 4.676672
28.000000, 27.258229, 4.671432
28.000000, 27.264189, 4.675772
28.000000, 27.271012, 4.681451
28.000000, 27.280173, 4.690694
28.000000, 27.294944, 4.708443
28.000000, 27.321754, 4.744419
28.000000, 27.345347, 4.775716
28.000000, 27.366503, 4.803491
28.000000, 27.387488, 4.831141
28.000000, 27.417794, 4.872961
28.000000, 27.446041, 4.911870
28.000000, 27.480370, 4.960116
28.000000, 27.543728, 5.052301
28.000000, 27.600667, 5.135213
28.000000, 27.650773, 5.208189
28.000000, 27.694866, 5.272422
28.000000, 27.726170, 5.317667
28.000000, 27.753718, 5.357450
28.000000, 27.777960, 5.392425
28.000000, 27.831652, 5.471911
28.000000, 27.881664, 5.546189
28.000000, 27.926463, 5.612928
28.000000, 27.967860, 5.674822
28.000000, 28.014944, 5.745541
28.000000, 28.063481, 5.818744
28.000000, 28.104615, 5.881098
28.000000, 28.151468, 5.952324
28.000000, 28.195066, 6.018941
28.000000, 28.244087, 6.093998
28.000000, 28.280517, 6.150397
28.000000, 28.321652, 6.214110
28.000000, 28.358246, 6.271239
28.000000, 28.390448, 6.321982
28.000000, 28.428257, 6.381372
28.000000, 28.467053, 6.442486
28.000000, 28.503562, 6.500396
28.000000, 28.539636, 6.557880
28.000000, 28.581641, 6.624523
28.000000, 28.618606, 6.683836
28.000000, 28.651134, 6.736699
28.000000, 28.679760, 6.783886
28.000000, 28.711264, 6.835587
28.000000, 28.738988, 6.881792
28.000000, 28.766937, 6.928508
28.000000, 28.796267, 6.977480
28.000000, 28.823656, 7.023712
28.000000, 28.851310, 7.070513
28.000000, 28.879986, 7.119028
28.000000, 28.905222, 7.162538
28.000000, 28.935716, 7.214128
28.000000, 28.962945, 7.260990
28.000000, 28.989275, 7.306668
28.000000, 29.012445, 7.347751
28.000000, 29.030467, 7.381224
28.000000, 29.046326, 7.411553
28.000000, 29.064229, 7.445058
28.000000, 29.072485, 7.464145
28.000000, 29.087248, 7.493086
28.000000, 29.100240, 7.519450
28.000000, 29.104964, 7.533442
28.000000, 29.109122, 7.546610
28.000000, 29.117910, 7.566780
28.000000, 29.120514, 7.577689
28.000000, 29.122805, 7.588143
28.000000, 29.119297, 7.589876
28.000000, 29.115815, 7.591627
28.000000, 29.111961, 7.592797
28.000000, 29.105413, 7.589883
28.000000, 29.099651, 7.588113
28.000000, 29.089450, 7.579621
28.000000, 29.079290, 7.571125
28.000000, 29.063245, 7.553704
28.000000, 29.045574, 7.533732
28.000000, 29.030024, 7.516844
28.000000, 29.014761, 7.500292
28.000000, 29.001330, 7.486404
28.000000, 28.985959, 7.469509
28.000000, 28.971248, 7.453514
28.000000, 28.945675, 7.421064
28.000000, 28.923170, 7.393078
28.000000, 28.902577, 7.367829
28.000000, 28.875379, 7.332503
28.000000, 28.849471, 7.298950
28.000000, 28.824305, 7.266353
28.000000, 28.792687, 7.223881
28.000000, 28.762496, 7.183360
28.000000, 28.728430, 7.136813
28.000000, 28.690165, 7.083729
28.000000, 28.656492, 7.037322
28.000000, 28.623702, 6.992036
28.000000, 28.590506, 6.945933
28.000000, 28.548666, 6.886602
28.000000, 28.511847, 6.834571
28.000000, 28.477473, 6.785994
28.000000, 28.447223, 6.743416
28.000000, 28.414290, 6.696605
28.000000, 28.373470, 6.637709
28.000000, 28.337548, 6.585936
28.000000, 28.296861, 6.526760
28.000000, 28.257504, 6.469335
28.000000, 28.220897, 6.415805
28.000000, 28.187894, 6.367475
28.000000, 28.154510, 6.318365
28.000000, 28.117635, 6.263787
28.000000, 28.083606, 6.213266
28.000000, 28.048925, 6.161550
28.000000, 28.011302, 6.105187
28.000000, 27.976616, 6.053011
28.000000, 27.944119, 6.003916
28.000000, 27.901709, 5.939688
28.000000, 27.863995, 5.882266
28.000000, 27.827648, 5.826669
28.000000, 27.782641, 5.757800
28.000000, 27.743035, 5.696785
28.000000, 27.708182, 5.642681
28.000000, 27.676721, 5.593470
28.000000, 27.649036, 5.549749
28.000000, 27.608494, 5.486488
28.000000, 27.572816, 5.430302
28.000000, 27.540236, 5.378559
28.000000, 27.511566, 5.332500
28.000000, 27.486336, 5.291445
28.000000, 27.460188, 5.248848
28.000000, 27.428890, 5.198332
28.000000, 27.402137, 5.154466
28.000000, 27.376227, 5.111702
28.000000, 27.353426, 5.073460
28.000000, 27.333361, 5.039196
28.000000, 27.305443, 4.992979
28.000000, 27.280876, 4.951633
28.000000, 27.254521, 4.907442
28.000000, 27.231329, 4.867850
28.000000, 27.216445, 4.840626
28.000000, 27.208082, 4.823132
28.000000, 27.197961, 4.802937
28.000000, 27.189054, 4.784508
28.000000, 27.179242, 4.764662
28.000000, 27.170214, 4.745933
28.000000, 27.159112, 4.724024
28.000000, 27.148553, 4.702864
28.000000, 27.140050, 4.684735
28.000000, 27.132567, 4.668090
28.000000, 27.135848, 4.667611
28.000000, 27.140314, 4.668936
28.000000, 27.155688, 4.686720
28.000000, 27.169218, 4.701822
28.000000, 27.181123, 4.714562
28.000000, 27.194363, 4.729386
28.000000, 27.206013, 4.741900
28.000000, 27.216266, 4.752380
28.000000, 27.225288, 4.761071
28.000000, 27.233228, 4.768188
28.000000, 27.231138, 4.760249
28.000000, 27.243111, 4.773478
28.000000, 27.267459, 4.805422
28.000000, 27.289675, 4.834306
28.000000, 27.317117, 4.871201
28.000000, 27.345212, 4.909252
28.000000, 27.379013, 4.956071
28.000000, 27.408757, 4.996992
28.000000, 27.451112, 5.057093
28.000000, 27.488384, 5.109804
28.000000, 27.521972, 5.157199
28.000000, 27.553503, 5.201705
28.000000, 27.581251, 5.240709
28.000000, 27.605668, 5.274871
28.000000, 27.648071, 5.336275
28.000000, 27.686569, 5.392064
28.000000, 27.723210, 5.445295
28.000000, 27.760584, 5.499860
28.000000, 27.793473, 5.547902
28.000000, 27.822416, 5.590206
28.000000, 27.847885, 5.627460
28.000000, 27.899106, 5.703660
28.000000, 27.944180, 5.770922
28.000000, 27.994894, 5.846962
28.000000, 28.043075, 5.919502
28.000000, 28.098102, 6.002656
28.000000, 28.150077, 6.081557
28.000000, 28.195815, 6.151388
28.000000, 28.236065, 6.213238
28.000000, 28.276615, 6.275791
28.000000, 28.315456, 6.336024
28.000000, 28.362264, 6.408500
28.000000, 28.403454, 6.472808
28.000000, 28.441676, 6.532900
28.000000, 28.488727, 6.606533
28.000000, 28.521451, 6.658878
28.000000, 28.550248, 6.705512
28.000000, 28.584272, 6.760199
28.000000, 28.611055, 6.804193
28.000000, 28.634624, 6.843513
28.000000, 28.669177, 6.899525
28.000000, 28.699584, 6.949507
28.000000, 28.726341, 6.994183
28.000000, 28.750677, 7.035379
28.000000, 28.772093, 7.072328
28.000000, 28.799226, 7.118023
28.000000, 28.825076, 7.161955
28.000000, 28.852954, 7.209103
28.000000, 28.877487, 7.251387
28.000000, 28.899076, 7.289389
28.000000, 28.918074, 7.323624
28.000000, 28.934004, 7.353356
28.000000, 28.948021, 7.380307
28.000000, 28.960357, 7.404813
28.000000, 28.971212, 7.427166
28.000000, 28.974845, 7.438709
28.000000, 28.980016, 7.452590
28.000000, 28.981014, 7.460218
28.000000, 28.981893, 7.467673
28.000000, 28.978720, 7.469030
28.000000, 28.975927, 7.470941
28.000000, 28.967156, 7.463829
28.000000, 28.953123, 7.448737
28.000000, 28.940775, 7.436094
28.000000, 28.929908, 7.425606
28.000000, 28.920345, 7.417013
28.000000, 28.907589, 7.403551
28.000000, 28.900309, 7.398260
28.000000, 28.893904, 7.394238
28.000000, 28.888267, 7.391334
28.000000, 28.875808, 7.378120
28.000000, 28.862872, 7.364108
28.000000, 28.849120, 7.348787
28.000000, 28.832283, 7.328733
28.000000, 28.813520, 7.305673
28.000000, 28.790300, 7.275783
28.000000, 28.766314, 7.244594
28.000000, 28.742050, 7.212836
28.000000, 28.710438, 7.169858
28.000000, 28.682619, 7.132395
28.000000, 28.657743, 7.099193
28.000000, 28.635853, 7.070332
28.000000, 28.609092, 7.033997
28.000000, 28.569362, 6.977961
28.000000, 28.533216, 6.927075
28.000000, 28.497067, 6.875957
28.000000, 28.468807, 6.836498
28.000000, 28.440387, 6.796620
28.000000, 28.414193, 6.759918
28.000000, 28.387591, 6.722438
28.000000, 28.355105, 6.675928
28.000000, 28.310732, 6.611311
28.000000, 28.271290, 6.553842
28.000000, 28.232239, 6.496718
28.000000, 28.196691, 6.444625
28.000000, 28.155938, 6.384470
28.000000, 28.116918, 6.326670
28.000000, 28.074293, 6.263197
28.000000, 28.036389, 6.206568
28.000000, 27.999876, 6.151798
28.000000, 27.967744, 6.103400
28.000000, 27.927236, 6.042182
28.000000, 27.891588, 5.988032
28.000000, 27.859823, 5.939509
28.000000, 27.831081, 5.895340
28.000000, 27.801841, 5.850242
28.000000, 27.772165, 5.804303
28.000000, 27.743681, 5.759976
28.000000, 27.716643, 5.717647
28.000000, 27.677064, 5.656261
28.000000, 27.641445, 5.600592
28.000000, 27.609311, 5.549949
28.000000, 27.581034, 5.504914
28.000000, 27.556149, 5.464814
28.000000, 27.533067, 5.427272
28.000000, 27.511177, 5.391381
28.000000, 27.484415, 5.348016
28.000000, 27.459286, 5.306944
28.000000, 27.430859, 5.260745
28.000000, 27.398740, 5.208809
28.000000, 27.363766, 5.152372
28.000000, 27.332989, 5.102038
28.000000, 27.305511, 5.056480
28.000000, 27.278568, 5.011556
28.000000, 27.257620, 4.975495
28.000000, 27.236424, 4.938928
28.000000, 27.217771, 4.906060
28.000000, 27.201357, 4.876447
28.000000, 27.186518, 4.849104
28.000000, 27.173459, 4.824350
28.000000, 27.169071, 4.812575
28.000000, 27.165209, 4.801565
28.000000, 27.161811, 4.791229
28.000000, 27.158820, 4.781485
28.000000, 27.154610, 4.769886
28.000000, 27.150905, 4.759022
28.000000, 27.147645, 4.748805
28.000000, 27.144776, 4.739156
28.000000, 27.143040, 4.731196
28.000000, 27.142697, 4.725323
28.000000, 27.142395, 4.719510
28.000000, 27.142129, 4.713749
28.000000, 27.143868, 4.711007
28.000000, 27.147766, 4.711528
28.000000, 27.153564, 4.714935
28.000000, 27.162613, 4.723274
28.000000, 27.174127, 4.735384
28.000000, 27.189390, 4.753212
28.000000, 27.205978, 4.773131
28.000000, 27.224127, 4.795506
28.000000, 27.242466, 4.818280
28.000000, 27.260183, 4.840232
28.000000, 27.277353, 4.861469
28.000000, 27.296408, 4.885655
28.000000, 27.314755, 4.908892
28.000000, 27.337609, 4.939034
28.000000, 27.361272, 4.970536
28.000000, 27.386832, 5.005043
28.000000, 27.413270, 5.041033
28.000000, 27.443639, 5.083109
28.000000, 27.472731, 5.123453
28.000000, 27.505041, 5.168824
28.000000, 27.535842, 5.212124
28.000000, 27.564524, 5.252426
28.000000, 27.600815, 5.304367
28.000000, 27.636697, 5.355919
28.000000, 27.673008, 5.408343
28.000000, 27.708909, 5.460374
28.000000, 27.744842, 5.512679
28.000000, 27.784355, 5.570602
28.000000, 27.822285, 5.626385
28.000000, 27.863160, 5.686843
28.000000, 27.899920, 5.741356
28.000000, 27.944107, 5.807288
28.000000, 27.985754, 5.869670
28.000000, 28.029901, 5.936077
28.000000, 28.068751, 5.994781
28.000000, 28.109647, 6.056811
28.000000, 28.151161, 6.120026
28.000000, 28.190060, 6.179563
28.000000, 28.234157, 6.247173
28.000000, 28.278093, 6.314814
28.000000, 28.321097, 6.381328
28.000000, 28.363677, 6.447470
28.000000, 28.401541, 6.506776
28.000000, 28.437624, 6.563636
28.000000, 28.476875, 6.625492
28.000000, 28.519308, 6.692388
28.000000, 28.556650, 6.751879
28.000000, 28.593456, 6.810798
28.000000, 28.634528, 6.876371
28.000000, 28.672644, 6.937749
28.000000, 28.706186, 6.992476
28.000000, 28.735703, 7.041350
28.000000, 28.761678, 7.085073
28.000000, 28.790850, 7.133774
28.000000, 28.820468, 7.183328
28.000000, 28.842585, 7.221770
28.000000, 28.865205, 7.261108
28.000000, 28.885900, 7.297687
28.000000, 28.908847, 7.337788
28.000000, 28.929041, 7.373885
28.000000, 28.946811, 7.406458
28.000000, 28.962449, 7.435930
28.000000, 28.974237, 7.459701
28.000000, 28.981453, 7.476660
28.000000, 28.987804, 7.492360
28.000000, 28.993393, 7.506951
28.000000, 29.001467, 7.525323
28.000000, 29.008573, 7.542285
28.000000, 29.014827, 7.558008
28.000000, 29.014015, 7.563128
28.000000, 29.010934, 7.564824
28.000000, 29.004276, 7.561114
28.000000, 28.995654, 7.554405
28.000000, 28.986094, 7.546228
28.000000, 28.976892, 7.538530
28.000000, 28.968795, 7.532439
28.000000, 28.961274, 7.527166
28.000000, 28.955050, 7.523799
28.000000, 28.949179, 7.520925
28.000000, 28.928227, 7.495298
28.000000, 28.906633, 7.468573
28.000000, 28.882499, 7.437889
28.000000, 28.856921, 7.404877
28.000000, 28.834018, 7.375734
28.000000, 28.804392, 7.336323
28.000000, 28.778321, 7.302081
28.000000, 28.754194, 7.270605
28.000000, 28.732963, 7.243340
28.000000, 28.700073, 7.198380
28.000000, 28.669157, 7.156188
28.000000, 28.639189, 7.115230
28.000000, 28.612422, 7.078908
28.000000, 28.585710, 7.042500
28.000000, 28.554311, 6.998866
28.000000, 28.526285, 6.960117
28.000000, 28.487021, 6.904265
28.000000, 28.449312, 6.850510
28.000000, 28.415733, 6.802740
28.000000, 28.381054, 6.753103
28.000000, 28.350142, 6.708922
28.000000, 28.309522, 6.649927
28.000000, 28.273381, 6.597425
28.000000, 28.234080, 6.539936
28.000000, 28.191602, 6.477417
28.000000, 28.151459, 6.418149
28.000000, 28.114950, 6.364103
28.000000, 28.070983, 6.298596
28.000000, 28.031108, 6.238978
28.000000, 27.986152, 6.171459
28.000000, 27.945802, 6.110595
28.000000, 27.908716, 6.054394
28.000000, 27.874106, 6.001694
28.000000, 27.841677, 5.952060
28.000000, 27.811561, 5.905708
28.000000, 27.782296, 5.860450
28.000000, 27.745099, 5.803061
28.000000, 27.704868, 5.740870
28.000000, 27.667886, 5.683321
28.000000, 27.634552, 5.631037
28.000000, 27.605219, 5.584569
28.000000, 27.565988, 5.523011
28.000000, 27.528703, 5.464137
28.000000, 27.494313, 5.409392
28.000000, 27.460893, 5.355893
28.000000, 27.428722, 5.304065
28.000000, 27.398437, 5.254879
28.000000, 27.367052, 5.203844
28.000000, 27.337459, 5.155315
28.000000, 27.312602, 5.113732
28.000000, 27.289543, 5.074704
28.000000, 27.268857, 5.039105
28.000000, 27.249075, 5.004738
28.000000, 27.229299, 4.970257
28.000000, 27.211895, 4.939227
28.000000, 27.193424, 4.906479
28.000000, 27.177169, 4.876953
28.000000, 27.162864, 4.850265
28.000000, 27.140016, 4.810617
28.000000, 27.119910, 4.774957
28.000000, 27.102216, 4.742806
28.000000, 27.086646, 4.713742
28.000000, 27.072944, 4.687395
28.000000, 27.061281, 4.664033
28.000000, 27.058515, 4.654000
28.000000, 27.056476, 4.645045
28.000000, 27.056655, 4.639417
28.000000, 27.057996, 4.635541
28.000000, 27.059176, 4.631431
28.000000, 27.061004, 4.628304
28.000000, 27.062612, 4.624858
28.000000, 27.064817, 4.622320
28.000000, 27.071887, 4.627125
28.000000, 27.078109, 4.630696
28.000000, 27.091477, 4.645069
28.000000, 27.104424, 4.658893
28.000000, 27.125289, 4.684723
28.000000, 27.144834, 4.708696
28.000000, 27.164796, 4.733418
28.000000, 27.182362, 4.754658
28.000000, 27.205713, 4.784720
28.000000, 27.230603, 4.817245
28.000000, 27.252506, 4.845428
28.000000, 27.274148, 4.873355
28.000000, 27.295955, 4.901666
28.000000, 27.323039, 4.938060
28.000000, 27.354764, 4.981616
28.000000, 27.389786, 5.030335
28.000000, 27.421395, 5.074131
28.000000, 27.449605, 5.113006
28.000000, 27.474824, 5.147553
28.000000, 27.510435, 5.197909
28.000000, 27.554794, 5.261666
28.000000, 27.593831, 5.317682
28.000000, 27.637654, 5.381152
28.000000, 27.676613, 5.437569
28.000000, 27.713265, 5.490755
28.000000, 27.746702, 5.539328
28.000000, 27.778889, 5.586227
28.000000, 27.811160, 5.633453
28.000000, 27.849030, 5.689314
28.000000, 27.893404, 5.755209
28.000000, 27.942320, 5.828222
28.000000, 27.995625, 5.908153
28.000000, 28.042929, 5.979377
28.000000, 28.085740, 6.044129
