99996
99995
100000
100003
100001
100004
100003
100001
100005
100002
99996
100005
99999
100010
99995
100007
99992
100011
99998
100001
99996
100005
99999
100003
100007
99996
100001
100004
100002
99998
100008
99995
100002
100009
99996
100003
100035
99968
100002
100000
100001
100014
99994
100000
100001
100001
99999
100006
100010
99996
100004
100046
99952
100024
99980
99997
100004
100001
100007
100022
100030
99949
100000
100049
99955
100010
99993
100004
100004
99995
100002
100005
99999
100002
100002
100001
100002
100000
100001
100007
99999
100007
99994
100000
100061
99979
99960
100012
100008
99992
100002
100029
99976
100004
100003
99998
100004
100000
