999
991
1023
969
1004
994
999
1008
997
998
996
1001
1000
998
1001
997
1027
981
1025
1003
999
969
1000
998
1000
1000
1002
1000
996
1002
1002
1025
1004
971
1001
996
1007
1031
996
999
1000
1003
971
1043
954
997
1002
997
1003
999
1011
987
999
1000
1002
1000
998
1006
998
998
1007
1027
967
1001
999
1000
1003
1002
1001
996
1002
999
997
1000
997
1005
997
1001
999
1001
998
1001
999
1000
1001
1000
1001
998
1002
1025
1006
973
995
1032
1005
992
972
999
1005
1000
1001
996
1002
999
1000
1002
1000
999
1000
1033
970
998
999
1002
999
1001
1000
1000
998
1003
999
998
1000
997
1006
1000
998
1029
1005
991
979
998
1003
993
998
1001
1001
999
999
1001
998
1001
1002
998
1002
1000
997
1004
1030
972
1030
965
1032
1000
972
999
1005
994
1028
1002
1001
989
1008
971
998
1001
1031
997
1001
1000
972
999
999
1000
1000
1000
999
1000
1002
999
1002
1000
999
1001
998
1001
1035
994
1001
970
1029
974
997
1043
959
1001
1002
997
1002
997
1025
998
1006
975
996
1001
999
1004
998
1000
1000
1003
997
1001
1004
998
996
1002
998
1002
998
1002
1000
1000
1001
997
1000
1000
1000
999
1001
1001
1000
998
1002
999
1009
996
1001
1002
1004
997
997
999
999
1001
1002
998
999
1000
1001
999
1001
999
1001
999
999
999
1003
998
998
1033
1000
1000
999
1002
1000
1001
998
1001
970
1029
1000
999
1001
1004
996
1001
1001
1002
997
1000
998
1002
1001
999
1003
996
999
1000
1003
998
999
1002
998
1004
997
1002
998
1002
1004
997
999
996
997
996
1008
972
1023
999
974
999
1001
1001
1001
1000
1006
997
1001
999
1000
1003
997
999
999
1001
999
1000
1001
999
1001
1000
998
996
1027
1011
996
1000
1000
1003
997
1001
999
990
982
1000
1001
1023
1005
999
1002
998
1000
1001
999
1000
1004
1001
998
1001
999
1000
1001
1000
1003
997
1006
1017
998
1006
999
965
992
986
1000
1002
1002
999
1000
1001
999
1004
995
998
1000
1001
1001
998
1005
1001
995
999
997
999
999
1002
1000
1004
996
1000
999
999
1008
998
1003
994
1004
1000
1003
1024
972
1000
1000
999
1001
1029
974
1000
999
1000
1002
998
998
1000
1001
998
1001
1025
975
1001
1000
999
1002
995
1003
1000
1001
997
997
1005
1003
999
1000
996
997
1003
997
1004
996
1001
1003
998
1000
1002
996
1000
1003
998
1000
1000
999
1001
1000
1001
998
1003
999
1005
996
1001
1001
1005
996
998
1004
999
1000
997
1002
1002
1000
997
999
1004
998
1001
1001
997
1001
997
1001
1000
997
1005
997
1002
1009
992
1001
994
1008
998
1001
998
1030
971
998
1004
997
999
1023
978
995
1000
1000
999
1004
999
1000
1031
993
1007
998
1004
999
999
1000
1005
999
996
1000
973
1028
1004
996
1002
999
1000
999
1000
1001
1000
1003
1000
999
999
1000
999
999
1001
998
1004
998
1000
999
999
1004
999
1001
998
1000
1000
1001
1001
997
1006
995
999
1001
970
996
1033
1002
999
999
1002
970
998
1000
1001
1001
1001
999
998
1002
999
1004
999
999
1001
998
1001
997
999
1000
1000
1000
999
1006
1000
995
1001
1001
999
1000
1000
1001
998
1001
999
1001
998
1000
1001
999
1000
1004
997
999
1000
1003
999
1002
999
999
999
1004
996
1001
999
1000
1001
1000
1000
1000
999
1000
1002
999
1000
999
1003
997
1001
1000
998
1004
997
1005
1004
1001
992
1000
999
999
1001
1004
995
1001
1001
999
1003
998
999
999
1001
1000
1034
992
974
1000
1034
966
1029
1000
1001
999
973
1000
1029
1000
998
1004
971
1000
996
1001
1004
1000
1003
994
1002
1000
1000
1004
1000
999
1000
998
997
1001
1004
998
1001
999
1000
999
999
1002
998
1001
1001
998
1003
997
1000
999
999
999
1000
1003
999
1000
1003
999
997
1003
996
1000
1001
1000
1001
999
1002
999
1002
1001
1000
999
1000
1001
999
1000
999
1001
1000
1001
998
1000
1003
999
1000
1002
998
1001
999
998
999
1002
997
1001
999
1000
1000
1001
1000
999
1004
997
999
1000
999
1001
1001
1000
1001
999
999
1002
999
1000
1000
1001
998
999
1002
999
1000
1000
1002
1003
1002
999
1000
999
1001
997
1004
997
1001
997
1003
999
1000
1001
1004
998
1001
998
998
1001
998
1000
1003
999
1004
997
1003
993
1005
1002
1024
973
998
1000
1017
1047
982
951
1033
1002
968
1024
998
1010
968
1027
986
1015
971
1030
998
1004
970
996
1002
1030
1001
1002
998
1003
1002
1030
999
967
1001
998
1002
1029
1000
993
976
1000
1029
1001
1003
999
998
995
977
998
1002
1029
1003
998
999
1003
1001
1007
988
1000
1001
1000
970
1000
1003
996
1000
1000
974
995
1004
1003
996
1000
1004
1029
999
973
995
999
1003
998
1002
999
999
998
1001
1001
999
1030
1002
970
1004
996
1002
1003
993
1003
1000
998
999
1003
1000
998
1002
1000
999
1002
997
1001
997
999
999
1001
1003
996
1005
1003
995
1000
999
1001
1000
1006
993
997
1001
1000
1000
1000
999
1001
1000
999
1002
999
999
1004
997
999
1001
1000
1000
1006
999
1000
999
1000
1001
1000
1000
1000
1000
999
1000
1001
1000
999
1000
1000
1001
1000
1000
1000
1000
1004
994
1000
1004
996
1002
1001
1000
999
1030
973
1000
