10039
9947
10002
10040
9959
10000
10031
9969
9999
10010
10015
9997
10023
9957
10029
9969
10016
10006
10027
9970
10012
9987
9998
10001
10002
9992
10005
9994
10007
9999
10010
9999
10002
9991
10008
9986
10013
10000
10002
9993
10029
9980
9998
9998
9995
10000
9994
10009
9987
9998
9997
10006
10001
10011
9996
9995
9996
10000
10001
10029
9994
9982
9997
10019
10004
9993
10035
10007
9974
9967
9999
9999
10032
9973
10006
9997
9995
10000
9999
9998
10002
10002
9998
10008
10001
10017
10007
9987
10005
9986
9991
10028
9970
10001
10013
9998
9999
9995
9998
10003
9997
10000
10001
10028
9974
10007
9997
10007
10004
10000
9989
10007
10015
9985
9995
10008
9989
10031
9970
10002
9995
10025
10039
9988
9956
10009
9988
10004
9988
10003
10001
9997
10000
10003
10001
10000
10003
10004
10034
9976
10001
9999
9996
9985
10000
10003
9996
10005
10006
9997
9996
10000
10004
10010
9995
9993
10006
9992
10010
10000
10013
10005
9978
9999
10029
10003
9998
9994
9986
9995
10002
9996
9999
10003
9995
10000
10001
10027
9977
9998
9999
10004
10026
9970
10029
9969
10007
9998
9999
10028
9979
9998
10007
10006
9983
10045
9970
10001
10004
9985
10004
10001
10004
10002
10044
9969
9971
9998
10003
10002
10003
10001
10001
9995
9999
10010
9990
10004
10002
9997
9997
10010
10016
9991
9987
9997
9999
10004
10025
9977
9999
9997
10006
10020
10003
9991
10004
9991
9983
10001
10044
9957
10002
10007
9999
9998
9997
10000
10033
9968
9998
10000
10009
10000
10047
9946
10058
9943
10032
10020
9948
10002
10002
10002
10019
9997
9989
10006
9989
10009
10001
9992
9997
9999
10006
9998
10032
9961
10002
10007
9997
10026
10033
9969
9976
10000
9997
10008
9989
10000
10000
10000
10001
10010
9994
9999
10029
9998
10000
9973
10028
9972
9998
10002
10007
9996
10003
10031
9975
10026
10022
9997
10008
9995
10000
9975
9997
10034
9995
9999
10001
10000
9957
9987
9998
9999
10001
10015
10069
9919
10017
10001
9983
10005
9996
10042
9984
9995
10049
9957
9969
10031
10000
9974
10003
9997
10022
9983
9993
10060
9954
10012
9978
10001
9998
9999
10011
10014
9974
10015
9992
10007
10015
10000
9977
9999
10001
9994
10034
9970
9995
9999
10006
10027
9973
10020
10001
9999
9996
9991
9998
9999
10024
9971
10002
10003
9998
10004
9999
9998
9995
10002
10034
9965
10031
9974
10002
9997
10003
9996
9999
9999
10004
9997
10001
10006
10030
9990
9979
9998
9997
10001
10029
10032
9968
10003
9972
10001
10001
10004
10011
9984
9997
10005
10028
9968
10007
10028
9974
9995
10025
9995
10006
9971
10024
9976
10002
10002
9995
10007
10001
9997
10009
9995
9990
10006
9996
10013
9996
10000
10000
9995
9999
10012
10026
9980
9983
10007
9998
10029
9973
10020
9999
9992
10018
9965
9999
10001
10001
10005
10002
9997
9999
10008
10021
9974
10022
9975
10025
9977
9997
10004
10007
10022
10033
9993
10005
9996
10001
10000
10004
9960
9989
10007
9998
9989
9997
10008
9994
9996
10036
9983
9999
9987
10008
9990
9999
9999
10035
9966
10006
9997
10005
9997
9999
10001
10005
9995
10026
9973
10027
9996
9981
10000
10018
9992
9985
10000
10002
10012
9990
10028
9974
10002
9996
10002
9996
10004
9995
10017
10010
9983
10012
10033
9969
9986
9993
9997
10000
10000
9998
10004
9999
10005
10005
10001
10011
10039
10003
9996
9996
9977
9974
10001
10041
9959
10031
9996
9970
10013
10005
9983
10017
10006
9988
9999
10019
10015
10015
9948
10015
9978
10030
10000
10002
10002
9977
10005
9989
10016
9989
9993
10000
10001
9998
10007
10034
9964
10015
10040
9957
10004
10007
9978
10027
9974
9999
10003
10000
10001
9998
9997
10019
10009
10023
9959
9994
9996
10004
9996
9998
9999
10031
10004
9989
9991
10007
10032
9971
10033
9950
10019
9999
9995
10028
9963
10009
10005
9984
10000
10000
9996
9998
10001
10000
9998
10034
9974
9997
10010
10036
9970
10028
9975
10048
9953
9984
10001
9996
10007
10029
9968
9998
9996
10001
9999
10002
10000
10001
10002
10004
10015
9985
10015
10013
10022
9954
10008
9988
9995
10023
9994
9998
10009
9995
10003
9984
9998
10003
9999
10015
9999
10005
10021
9989
9969
9998
10033
9971
10037
9965
10003
9998
10000
10004
9999
10007
10004
10003
10005
10002
9991
9990
9998
9996
10022
9998
10000
9999
9993
9998
9994
9997
10003
10002
10028
9969
10012
9985
10000
10035
9967
10062
9971
9999
10027
10001
10003
9997
10000
9974
9999
9998
10014
9968
9989
10041
9989
9972
10015
9990
9994
10003
10008
9998
9999
10029
9964
10000
9999
10002
10000
10032
9998
9980
9999
9997
10011
9983
10032
9974
10026
10001
9996
9978
10002
9998
9998
10010
9997
9987
10002
9999
10035
9976
10011
10024
9964
10000
9996
10004
9996
9998
10002
9999
10005
10002
9996
10041
9970
10010
9994
10000
9995
9989
10004
10002
9994
10004
10037
9989
9975
9997
9999
10007
9993
10004
10001
10013
9987
10026
10001
10000
10005
10034
9969
9994
9971
10011
10007
9991
10012
9977
10001
9998
9999
10010
10009
9995
9996
9997
10027
10001
9969
10028
9972
10000
10001
10005
10003
9997
10029
9968
10020
9995
9988
10025
10000
9974
10003
10027
9967
9998
10002
10001
9997
10004
10003
9996
10005
10004
9996
9998
10027
9999
10001
9968
10004
10002
10000
10028
9975
10000
9997
9998
10001
10000
10000
10007
9996
10001
10004
10000
10016
10023
9986
9999
10032
10000
9987
10023
10002
9934
9996
9997
10004
10029
9997
10006
9968
10004
10011
10010
9990
10008
9999
9988
9989
9998
9999
10001
10002
9998
10007
10004
10001
9992
10001
10000
9999
10001
10001
10028
9978
9994
10063
9994
10000
10003
9998
9970
10003
9973
10025
9970
10026
9989
9994
10009
9998
10005
10009
9993
10013
9982
10024
9961
10001
9998
10000
10020
9987
9994
10008
10030
9979
9984
10034
9966
10070
9939
9999
10003
10049
9987
9987
9983
9998
9986
10004
10000
9996
10004
10003
10001
9997
10002
9993
10024
9983
9999
10013
10011
9976
10002
10033
9964
10004
